26.46
27.185833333333335
27.91166666666667
28.637500000000003
30.089166666666667
30.815
31.540833333333335
32.266666666666666
32.9925
33.718333333333334
34.44416666666667
35.99
36.7125
37.435
38.1575
38.88
39.6025
40.325
41.0475
41.769999999999996
42.4925
43.214999999999996
43.9375
45.46
46.16916666666667
46.87833333333333
47.5875
48.29666666666667
49.005833333333335
49.715
50.424166666666665
51.13333333333333
51.8425
52.55166666666666
53.26083333333333
54.77
55.4925
56.215
56.9375
57.660000000000004
58.3825
59.105000000000004
59.8275
60.55
61.2725
61.995
62.7175
64.27
64.98333333333333
65.69666666666666
66.41
67.12333333333333
67.83666666666666
68.55
69.26333333333334
69.97666666666666
70.69
71.40333333333334
73.58
74.32333333333334
75.06666666666666
76.55333333333333
77.29666666666667
78.03999999999999
78.78333333333333
79.52666666666667
80.27
81.01333333333334
81.75666666666666
83.29
84.01583333333333
84.74166666666667
85.4675
86.19333333333334
86.91916666666667
87.64500000000001
88.37083333333334
89.09666666666666
89.8225
90.54833333333333
91.27416666666667
92.8
93.53666666666666
94.27333333333333
95.00999999999999
95.74666666666667
96.48333333333333
97.22
97.95666666666666
98.69333333333333
99.43
100.16666666666667
100.90333333333334
102.43
103.18166666666667
103.93333333333334
104.685
105.43666666666667
106.18833333333333
106.94
107.69166666666668
108.44333333333334
109.19500000000001
109.94666666666667
110.69833333333334
112.21
112.93916666666667
113.66833333333332
114.3975
115.12666666666667
115.85583333333332
116.585
117.31416666666667
118.04333333333332
118.7725
119.50166666666667
120.23083333333332
121.75
122.48666666666666
123.22333333333333
123.96000000000001
124.69666666666667
125.43333333333334
126.17
126.90666666666667
127.64333333333333
128.38
129.11666666666667
129.85333333333332
131.42
132.14333333333332
132.86666666666665
133.58999999999997
134.31333333333333
135.03666666666666
135.76
136.48333333333332
137.20666666666665
137.93
138.65333333333334
139.37666666666667
141.17
141.89583333333331
142.62166666666667
143.3475
144.07333333333332
144.79916666666665
145.52499999999998
146.25083333333333
146.97666666666666
147.7025
148.42833333333334
149.15416666666667
150.67
151.41
152.14999999999998
152.89
153.63
154.37
155.11
155.85
156.59
157.33
158.07
158.81
160.31
161.03916666666666
161.76833333333335
162.4975
163.22666666666666
163.95583333333335
164.685
165.41416666666666
166.14333333333335
166.8725
167.60166666666666
168.33083333333335
169.85
170.59
171.32999999999998
172.07
172.81
173.54999999999998
174.29
175.03
175.76999999999998
176.51
177.25
177.98999999999998
179.48
180.20499999999998
180.93
181.655
183.105
183.82999999999998
184.555
185.28
186.005
186.73000000000002
187.455
189.01
189.73
190.45
191.17
191.89
192.60999999999999
193.32999999999998
194.05
194.77
195.49
196.21
196.93
198.48
199.22
199.95999999999998
200.7
201.44
202.18
202.92000000000002
203.66
204.4
205.14000000000001
205.88
206.62
208.12
208.80833333333334
209.49666666666667
210.185
210.87333333333333
211.56166666666667
212.25
212.93833333333333
213.62666666666667
214.315
215.00333333333333
215.69166666666666
217.21
217.93333333333334
218.65666666666667
219.38
220.10333333333332
220.82666666666665
221.55
222.27333333333334
222.99666666666667
223.72
224.44333333333333
225.16666666666666
226.68
227.3925
228.10500000000002
228.8175
229.53
230.2425
230.95499999999998
231.6675
232.38
233.0925
233.805
234.51749999999998
236.03
236.75916666666666
237.48833333333334
238.2175
238.94666666666666
239.67583333333334
240.405
241.13416666666666
241.86333333333334
242.5925
243.32166666666666
244.05083333333334
245.53
246.24333333333334
246.95666666666668
247.67000000000002
248.38333333333333
249.09666666666666
249.81
250.52333333333334
251.23666666666668
251.95
252.66333333333333
253.37666666666667
254.88
255.605
256.33
257.055
257.78
258.505
259.23
259.955
260.68
261.405
262.13
262.85499999999996
264.37
265.0991666666667
265.8283333333333
266.5575
267.2866666666667
268.0158333333333
268.745
269.4741666666667
270.2033333333333
270.9325
271.6616666666667
272.3908333333333
273.88
274.5925
275.305
276.0175
276.73
277.4425
278.155
278.8675
279.58
280.2925
281.005
281.71750000000003
283.26
284.045
284.83
285.615
286.4
287.185
288.755
289.54
290.325
291.11
291.895
293.47
294.1991666666667
294.92833333333334
295.6575
296.3866666666667
297.11583333333334
297.845
298.5741666666667
299.30333333333334
300.0325
300.7616666666667
301.49083333333334
302.98
303.6925
304.40500000000003
305.1175
305.83
306.5425
307.255
307.9675
308.68
309.3925
310.10499999999996
310.8175
312.36
313.08333333333337
313.8066666666667
314.53000000000003
315.25333333333333
315.9766666666667
316.70000000000005
317.42333333333335
318.1466666666667
318.87
319.59333333333336
320.31666666666666
321.83
322.55916666666667
323.2883333333333
324.0175
324.74666666666667
325.4758333333333
326.205
326.93416666666667
327.6633333333333
328.3925
329.12166666666667
329.8508333333333
331.34
332.0625
332.78499999999997
333.5075
334.22999999999996
334.9525
335.67499999999995
336.3975
337.12
337.8425
338.565
339.28749999999997
340.84
341.5625
342.28499999999997
343.0075
343.72999999999996
344.4525
345.17499999999995
345.8975
346.62
347.3425
348.065
348.78749999999997
350.3
350.99
351.68
352.37
353.06
353.75
354.44
355.13
355.82
356.51
357.2
357.89
359.33
0.05833333333333712
0.7866666666666333
1.5149999999999864
2.2433333333333394
2.9716666666666356
3.6999999999999886
4.428333333333342
5.156666666666638
5.884999999999991
6.613333333333344
7.34166666666664
8.86
9.5825
10.305
11.0275
11.75
12.4725
13.195
13.9175
14.64
15.3625
16.085
16.8075
18.33
19.03083333333333
19.731666666666666
20.432499999999997
21.133333333333333
21.834166666666665
22.534999999999997
23.235833333333332
23.936666666666664
24.6375
25.33833333333333
26.039166666666667
27.53
28.258333333333333
28.986666666666668
29.715000000000003
30.443333333333335
31.171666666666667
31.900000000000002
32.62833333333334
33.35666666666667
34.085
34.81333333333333
35.54166666666667
37.06
37.78
38.5
39.22
39.940000000000005
40.660000000000004
41.38
42.1
42.82
43.540000000000006
44.260000000000005
44.980000000000004
46.49
47.215
47.94
48.665
49.39
50.115
50.84
51.565
52.29
53.015
54.464999999999996
56.02
56.74916666666667
57.47833333333334
58.2075
58.93666666666667
59.66583333333333
60.394999999999996
61.12416666666667
61.85333333333333
62.582499999999996
63.31166666666667
64.04083333333332
65.52
66.24833333333333
66.97666666666666
67.705
68.43333333333334
69.16166666666666
69.89
70.61833333333334
71.34666666666666
72.075
72.80333333333334
73.53166666666667
75.09
75.82416666666667
76.55833333333334
77.2925
78.02666666666667
78.76083333333334
79.495
80.22916666666667
80.96333333333334
81.6975
82.43166666666667
83.16583333333334
85.41833333333334
86.14666666666666
86.875
87.60333333333334
88.33166666666666
89.06
89.78833333333334
90.51666666666667
91.245
91.97333333333334
92.70166666666667
94.19
94.9125
95.63499999999999
96.3575
97.08
97.8025
98.525
99.2475
99.97
100.6925
101.41499999999999
102.1375
103.68
104.4175
105.155
105.89250000000001
106.63000000000001
107.3675
108.105
108.8425
109.58
110.3175
111.055
111.7925
113.32
114.04916666666666
114.77833333333332
115.5075
116.23666666666666
116.96583333333332
117.695
118.42416666666666
119.15333333333332
119.8825
120.61166666666666
121.34083333333332
122.82
123.57583333333332
124.33166666666666
125.08749999999999
125.84333333333332
126.59916666666666
127.35499999999999
128.11083333333332
128.86666666666665
129.6225
130.37833333333333
131.13416666666666
132.68
133.42583333333334
134.17166666666668
134.91750000000002
135.66333333333333
136.40916666666666
137.155
137.90083333333334
138.64666666666668
139.39249999999998
140.13833333333332
140.88416666666666
142.42
143.14583333333331
143.87166666666667
144.5975
145.32333333333332
146.04916666666665
146.77499999999998
147.50083333333333
148.22666666666666
148.9525
149.67833333333334
150.40416666666667
151.92
152.6575
153.39499999999998
154.1325
154.87
155.6075
156.345
157.0825
157.82
158.5575
159.29500000000002
160.0325
161.6
162.325
163.775
164.5
165.225
165.95
166.675
167.4
168.125
168.85000000000002
169.57500000000002
171.09
171.81583333333333
172.54166666666669
173.2675
173.99333333333334
174.71916666666667
175.445
176.17083333333335
176.89666666666668
177.6225
178.34833333333336
179.07416666666668
180.56
181.28833333333333
182.01666666666668
182.745
183.47333333333333
184.20166666666668
184.93
185.65833333333333
186.38666666666668
187.115
187.84333333333333
188.5716666666667
190.09
190.8125
191.535
192.2575
192.98
193.7025
194.425
195.1475
195.87
196.5925
197.315
198.0375
199.59
200.315
201.04
201.765
202.49
203.215
203.94
204.665
205.39
206.115
206.84
207.565
209.08
209.79333333333335
210.50666666666666
211.22
211.93333333333334
212.64666666666668
213.36
214.07333333333332
214.78666666666666
215.5
216.2133333333333
216.92666666666665
218.43
219.1525
219.875
220.5975
221.32
222.0425
222.765
223.4875
224.21
224.9325
225.655
226.3775
227.93
228.63166666666666
229.33333333333334
230.035
230.73666666666668
231.43833333333333
232.14
232.84166666666667
233.54333333333332
234.245
234.94666666666666
235.64833333333334
237.14
237.86249999999998
238.58499999999998
239.3075
240.03
240.7525
241.475
242.1975
243.64249999999998
244.365
245.0875
246.34
247.06583333333333
247.79166666666669
248.5175
249.24333333333334
249.96916666666667
250.695
251.42083333333335
252.14666666666668
252.8725
253.59833333333336
254.32416666666668
255.88
256.59916666666663
257.3183333333333
258.0375
258.75666666666666
259.4758333333333
260.195
260.9141666666667
261.6333333333333
262.35249999999996
263.07166666666666
263.79083333333335
265.3
266.02583333333337
266.75166666666667
267.4775
268.2033333333333
268.9291666666667
269.655
270.3808333333333
271.1066666666667
271.8325
272.55833333333334
273.28416666666664
274.8
275.52833333333336
276.25666666666666
276.985
277.71333333333337
278.44166666666666
279.17
279.89833333333337
280.62666666666667
281.355
282.08333333333337
282.81166666666667
284.33
285.09166666666664
285.85333333333335
286.615
287.37666666666667
288.1383333333333
288.9
289.6616666666667
290.42333333333335
291.185
291.9466666666667
292.70833333333337
294.3
295.02250000000004
295.745
296.46750000000003
297.19
297.9125
298.635
299.3575
300.8025
301.52500000000003
302.2475
303.76
304.48833333333334
305.21666666666664
305.945
306.67333333333335
307.40166666666664
308.13
308.85833333333335
309.58666666666664
310.315
311.04333333333335
311.77166666666665
313.25
313.97583333333336
314.70166666666665
315.4275
316.1533333333333
316.87916666666666
317.605
318.3308333333333
319.0566666666667
319.78249999999997
320.5083333333333
321.2341666666666
322.79
323.51250000000005
324.235
324.9575
325.68
326.40250000000003
327.125
327.84749999999997
328.57
329.2925
330.015
330.73749999999995
332.25
332.98083333333335
333.71166666666664
334.4425
335.17333333333335
335.90416666666664
336.635
337.36583333333334
338.09666666666664
338.8275
339.55833333333334
340.28916666666663
341.78
342.505
343.22999999999996
343.955
344.68
345.405
346.13
346.855
347.58
348.305
349.03000000000003
349.755
351.5233333333333
352.2366666666667
352.95
353.66333333333336
354.37666666666667
355.09000000000003
355.80333333333334
356.51666666666665
357.23
357.9433333333333
358.6566666666667
0.16
0.885
1.6099999999999999
2.335
3.06
3.785
4.51
5.235
5.96
6.685
7.41
8.135
9.62
10.345833333333333
11.071666666666665
11.7975
12.523333333333332
13.249166666666666
13.974999999999998
14.700833333333332
15.426666666666666
16.152499999999996
16.87833333333333
17.604166666666664
19.15
19.875833333333333
20.601666666666667
21.3275
22.05333333333333
22.779166666666665
23.505
24.230833333333333
24.956666666666667
25.682499999999997
26.40833333333333
27.134166666666665
28.65
29.363333333333333
30.076666666666664
30.79
31.503333333333334
32.21666666666667
32.93
33.64333333333333
34.35666666666667
35.07
35.78333333333333
36.49666666666667
38.0
38.7225
39.445
40.167500000000004
40.89
41.6125
42.335
43.057500000000005
43.78
44.5025
45.225
45.947500000000005
47.53
48.25
48.97
49.69
50.410000000000004
51.13
51.85
53.29
54.010000000000005
54.730000000000004
55.45
56.96
57.68833333333333
58.41666666666667
59.145
59.873333333333335
60.60166666666667
61.33
62.05833333333334
62.78666666666667
63.515
64.24333333333334
64.97166666666666
66.31
67.03583333333333
67.76166666666667
68.4875
69.21333333333334
69.93916666666667
70.66499999999999
71.39083333333333
72.11666666666666
72.8425
73.56833333333333
74.29416666666667
75.81
76.54666666666667
77.28333333333333
78.02000000000001
78.75666666666667
79.49333333333334
80.23
80.96666666666667
81.70333333333333
82.44
83.17666666666668
83.91333333333334
85.45
86.175
86.9
87.625
88.35000000000001
89.075
90.525
91.25
91.97500000000001
92.7
93.42500000000001
94.98
95.70833333333334
96.43666666666667
97.165
97.89333333333333
99.35
100.07833333333333
100.80666666666667
101.535
102.26333333333334
102.99166666666667
104.48
105.23166666666667
105.98333333333333
106.735
107.48666666666666
108.23833333333333
108.99000000000001
109.74166666666667
110.49333333333334
111.245
111.99666666666667
112.74833333333333
114.33
115.0525
115.775
116.4975
117.22
117.9425
118.66499999999999
119.3875
120.11
120.8325
121.555
122.2775
123.79
124.5425
125.295
126.0475
126.8
127.5525
128.305
129.0575
129.81
130.5625
131.315
132.0675
133.58
134.31666666666666
135.05333333333334
135.79000000000002
136.52666666666667
137.26333333333332
138.0
138.73666666666668
139.47333333333333
140.20999999999998
140.94666666666666
141.68333333333334
143.25
143.9725
144.695
145.4175
146.14
146.86249999999998
147.58499999999998
148.3075
149.03
149.7525
150.475
151.1975
152.71
153.45083333333335
154.19166666666666
154.9325
155.67333333333335
156.41416666666666
157.155
157.89583333333334
158.63666666666666
159.3775
160.11833333333334
160.85916666666665
162.35
163.09083333333334
163.83166666666665
164.5725
165.31333333333333
166.05416666666667
166.79500000000002
167.53583333333333
168.27666666666667
169.0175
169.75833333333333
170.49916666666667
172.06
172.78333333333333
173.50666666666666
174.23000000000002
174.95333333333335
175.67666666666668
176.4
177.12333333333333
177.84666666666666
178.57
179.29333333333335
180.01666666666668
181.49
182.20666666666668
182.92333333333335
183.64000000000001
184.35666666666668
185.07333333333335
185.79000000000002
186.50666666666666
187.22333333333333
187.94
188.65666666666667
189.37333333333333
190.88
191.60583333333332
192.33166666666665
193.0575
193.78333333333333
194.50916666666666
195.235
195.96083333333334
196.68666666666667
197.4125
198.13833333333332
198.86416666666668
200.38
201.09333333333333
201.80666666666667
202.51999999999998
203.23333333333332
203.94666666666666
204.66
205.37333333333333
206.08666666666667
206.8
207.51333333333332
208.22666666666666
209.76
210.4825
211.20499999999998
211.9275
212.65
213.3725
214.095
214.8175
215.54
216.2625
216.985
217.7075
219.19
219.91833333333332
220.64666666666668
221.375
222.10333333333332
222.83166666666668
223.56
224.28833333333333
225.01666666666668
225.745
226.47333333333333
227.20166666666668
228.72
229.43333333333334
230.14666666666668
230.86
231.57333333333332
232.28666666666666
233.0
233.71333333333334
234.42666666666668
235.14
235.85333333333332
236.56666666666666
238.07
238.75666666666666
239.44333333333333
240.13
240.81666666666666
241.50333333333333
242.19
242.87666666666667
243.56333333333333
244.25
244.93666666666667
245.62333333333333
247.1
247.82833333333332
248.55666666666667
249.285
250.01333333333332
250.74166666666667
251.47
252.19833333333332
252.92666666666668
253.655
254.38333333333333
255.11166666666668
256.6
257.33750000000003
258.07500000000005
258.8125
259.55
260.2875
261.025
261.7625
262.5
263.2375
263.975
264.7125
266.27
266.99
267.71
268.43
269.15
269.87
270.59000000000003
271.31
272.03000000000003
272.75
273.47
274.19
275.74
276.47083333333336
277.20166666666665
277.9325
278.66333333333336
279.39416666666665
280.125
280.85583333333335
281.58666666666664
282.3175
283.04833333333335
283.77916666666664
285.27
286.0075
286.745
287.48249999999996
288.21999999999997
288.9575
289.695
290.4325
291.17
291.9075
292.645
293.3825
294.91
295.63500000000005
296.36
297.08500000000004
297.81
298.535
299.26
299.985
300.71000000000004
301.435
302.16
302.885
304.41
305.15000000000003
305.89000000000004
306.63
307.37
308.11
308.85
309.59000000000003
310.33000000000004
311.07000000000005
311.81
312.55
314.08
314.80833333333334
315.53666666666663
316.265
316.99333333333334
317.72166666666664
318.45
319.17833333333334
319.90666666666664
320.635
321.36333333333334
322.09166666666664
323.62
324.34250000000003
325.065
325.7875
326.51
327.2325
327.95500000000004
329.40000000000003
330.1225
330.845
331.5675
333.11
333.8441666666667
334.5783333333334
335.3125
336.0466666666667
336.78083333333336
337.515
338.24916666666667
338.98333333333335
339.71750000000003
340.4516666666667
341.18583333333333
342.71
343.385
344.06
344.735
345.40999999999997
346.76
347.435
348.11
348.78499999999997
349.46
350.135
351.56
352.28583333333336
353.01166666666666
353.7375
354.4633333333333
355.18916666666667
355.91499999999996
356.6408333333333
357.3666666666667
358.0925
358.8183333333333
359.5441666666666
1.1
1.8250000000000002
2.5500000000000003
3.2750000000000004
4.0
4.7250000000000005
5.450000000000001
6.175000000000001
6.9
7.625
8.350000000000001
9.075000000000001
10.59
11.318333333333333
12.046666666666667
12.774999999999999
13.503333333333332
14.231666666666666
14.959999999999999
15.688333333333333
16.416666666666664
17.145
17.87333333333333
18.601666666666667
20.09
20.803333333333335
21.516666666666666
22.23
22.94333333333333
23.656666666666666
24.369999999999997
25.083333333333332
25.796666666666667
27.223333333333333
27.936666666666667
29.48
30.19
30.9
31.61
32.32
33.03
33.74
34.45
35.16
35.87
36.58
37.29
38.79
39.51583333333333
40.24166666666667
40.9675
41.693333333333335
42.41916666666667
43.144999999999996
43.87083333333334
44.596666666666664
45.3225
46.04833333333333
46.774166666666666
48.29
49.00333333333333
49.71666666666667
50.43
51.14333333333333
51.85666666666667
52.57
53.28333333333333
53.99666666666667
54.71
55.42333333333333
56.13666666666667
57.64
58.365
59.09
59.815
60.54
61.265
61.99
62.715
63.440000000000005
64.165
64.89
65.61500000000001
67.14
67.865
68.59
69.315
70.04
70.765
71.49000000000001
72.215
72.94
73.665
74.39
75.11500000000001
76.6
77.34333333333333
78.08666666666666
78.83
79.57333333333332
80.31666666666666
81.06
81.80333333333333
82.54666666666667
83.28999999999999
84.03333333333333
84.77666666666667
86.27
86.99333333333333
87.71666666666667
88.44
89.16333333333333
89.88666666666667
90.61
91.33333333333333
92.05666666666667
92.78
93.50333333333333
94.22666666666667
95.98
96.70333333333333
97.42666666666668
98.15
98.87333333333333
99.59666666666666
100.32
101.04333333333334
101.76666666666667
102.49
103.21333333333334
103.93666666666667
105.45
106.19
106.93
107.67
108.41
109.15
109.89
110.63
111.37
112.11
112.85
113.59
115.09
115.815
116.54
117.265
117.99000000000001
118.715
119.44
120.165
120.89
121.61500000000001
122.34
123.06500000000001
124.62
125.35416666666667
126.08833333333334
126.8225
127.55666666666667
128.29083333333335
129.025
129.75916666666666
130.49333333333334
131.22750000000002
131.96166666666667
132.69583333333333
134.22
135.0
135.78
136.56
137.34
138.12
138.9
139.68
140.46
141.24
142.02
142.8
144.33
145.05583333333334
145.78166666666667
146.5075
147.23333333333335
147.95916666666668
148.685
149.41083333333333
150.13666666666666
150.8625
151.58833333333334
152.31416666666667
153.83
154.5825
155.335
156.0875
156.84
157.5925
158.34500000000003
159.09750000000003
159.85000000000002
160.60250000000002
161.35500000000002
162.10750000000002
163.65
164.34833333333333
165.04666666666668
165.745
166.44333333333333
167.14166666666668
167.84
168.53833333333333
169.23666666666668
169.935
170.63333333333333
171.33166666666668
172.78
173.50583333333333
174.23166666666668
174.9575
175.68333333333334
176.40916666666666
177.135
177.86083333333335
178.58666666666667
179.3125
180.03833333333336
180.76416666666668
182.32
183.045
183.76999999999998
184.495
185.22
185.945
186.67000000000002
187.395
188.12
188.845
189.57
190.29500000000002
191.81
192.53583333333333
193.26166666666666
193.9875
194.71333333333334
195.43916666666667
196.16500000000002
196.89083333333335
197.61666666666667
198.3425
199.06833333333333
199.79416666666668
201.16
201.88916666666665
202.61833333333334
203.3475
204.07666666666665
204.80583333333334
205.535
206.26416666666665
206.99333333333334
207.7225
208.45166666666665
209.18083333333334
210.66
211.38583333333332
212.11166666666668
212.8375
213.56333333333333
214.28916666666666
215.015
215.74083333333334
216.46666666666667
217.1925
217.91833333333335
218.64416666666668
220.16
220.88583333333332
221.61166666666668
222.3375
223.06333333333333
223.78916666666666
224.515
225.24083333333334
225.96666666666667
226.6925
227.41833333333335
228.14416666666668
229.66
230.37333333333333
231.08666666666667
231.8
232.51333333333332
233.22666666666666
233.94
234.65333333333334
235.36666666666667
236.07999999999998
236.79333333333332
237.50666666666666
239.01
239.7108333333333
240.41166666666666
241.11249999999998
241.81333333333333
242.51416666666665
243.21499999999997
243.91583333333332
244.61666666666665
245.3175
246.01833333333332
246.71916666666667
248.25
248.9725
249.695
250.41750000000002
251.14000000000001
251.8625
252.585
253.3075
254.03
254.7525
255.47500000000002
256.1975
257.71
258.4266666666666
259.1433333333333
259.86
260.57666666666665
261.2933333333333
262.01
262.7266666666667
263.4433333333333
264.15999999999997
264.87666666666667
265.59333333333336
267.07
267.795
268.52
269.245
269.96999999999997
270.695
271.41999999999996
272.145
272.87
273.59499999999997
274.32
276.56
277.28583333333336
278.01166666666666
278.7375
279.4633333333333
280.18916666666667
280.91499999999996
281.6408333333333
282.3666666666667
283.0925
283.8183333333333
284.5441666666666
286.06
286.83916666666664
287.61833333333334
288.39750000000004
289.1766666666667
289.9558333333333
290.735
291.5141666666667
292.29333333333335
293.0725
293.8516666666667
294.6308333333334
296.17
296.89500000000004
297.62
298.345
299.07
299.795
300.52
301.245
301.97
302.695
303.42
304.145
305.84
306.5625
307.28499999999997
308.0075
308.72999999999996
309.4525
310.17499999999995
310.8975
311.62
312.3425
313.065
313.78749999999997
315.3
316.02583333333337
316.75166666666667
317.4775
318.2033333333333
318.9291666666667
319.655
320.3808333333333
321.1066666666667
321.8325
322.55833333333334
323.28416666666664
324.8
325.5291666666667
326.2583333333333
326.9875
327.7166666666667
328.4458333333333
329.175
329.9041666666667
330.6333333333333
331.3625
332.0916666666667
332.8208333333333
334.34
335.06166666666667
335.7833333333333
336.505
337.22666666666663
337.9483333333333
338.66999999999996
339.39166666666665
340.11333333333334
340.835
341.5566666666667
342.2783333333333
343.79
344.46750000000003
345.14500000000004
345.8225
347.1775
347.855
348.5325
349.21000000000004
349.88750000000005
350.565
351.2425
352.71
353.43583333333333
354.16166666666663
354.8875
355.61333333333334
356.33916666666664
357.065
357.79083333333335
358.51666666666665
359.2425
359.96833333333336
0.6941666666666606
2.25
2.9725
3.6950000000000003
4.4175
5.140000000000001
5.862500000000001
6.585
7.3075
8.030000000000001
8.752500000000001
9.475000000000001
10.197500000000002
11.74
12.463333333333333
13.186666666666667
13.91
14.633333333333335
15.356666666666667
16.080000000000002
16.803333333333335
17.526666666666667
18.25
18.973333333333336
19.69666666666667
21.02
21.745833333333334
22.471666666666668
23.197499999999998
23.923333333333332
24.649166666666666
25.375
26.100833333333334
26.826666666666668
27.552500000000002
28.278333333333336
29.004166666666666
30.52
31.233333333333334
31.946666666666665
32.66
33.373333333333335
34.086666666666666
35.513333333333335
36.22666666666667
36.94
37.653333333333336
38.36666666666667
39.87
40.593333333333334
41.31666666666666
42.04
42.76333333333333
43.486666666666665
44.209999999999994
44.93333333333333
45.656666666666666
46.379999999999995
47.10333333333333
47.82666666666666
49.37
50.09833333333333
50.82666666666667
51.555
52.28333333333333
53.01166666666666
53.739999999999995
54.468333333333334
55.196666666666665
55.925
56.653333333333336
57.38166666666667
58.87
59.595
60.31999999999999
61.044999999999995
61.769999999999996
62.495
63.22
63.94499999999999
64.66999999999999
65.395
66.11999999999999
66.845
68.4
69.12583333333333
69.85166666666667
70.5775
71.30333333333334
72.02916666666667
72.755
73.48083333333334
74.20666666666666
74.9325
75.65833333333333
76.38416666666667
77.86
78.6
79.34
80.08
80.82
81.56
82.3
83.03999999999999
83.78
84.52
85.25999999999999
86.0
87.54
88.28
89.02000000000001
89.76
90.5
91.24000000000001
91.98
92.72
93.46000000000001
94.2
94.94
95.68
97.17
97.89583333333333
98.62166666666667
99.3475
100.07333333333334
100.79916666666666
101.525
102.25083333333333
102.97666666666666
103.7025
104.42833333333333
105.15416666666667
106.67
107.43416666666667
108.19833333333334
108.9625
109.72666666666667
110.49083333333334
111.255
112.01916666666666
112.78333333333333
113.5475
114.31166666666667
115.07583333333334
116.64
117.365
118.09
118.815
119.54
120.265
120.99000000000001
121.715
122.44
123.165
123.89
124.61500000000001
126.27
126.99583333333332
127.72166666666666
128.4475
129.17333333333332
129.89916666666667
130.625
131.35083333333333
132.07666666666665
132.80249999999998
133.52833333333334
134.25416666666666
135.77
136.53416666666666
137.29833333333335
138.0625
138.82666666666668
139.59083333333334
140.35500000000002
141.11916666666667
141.88333333333333
142.6475
143.41166666666666
144.17583333333334
145.74
146.46833333333333
147.19666666666666
147.925
148.65333333333334
149.38166666666666
150.11
150.83833333333334
151.56666666666666
152.295
153.0233333333333
153.75166666666667
155.24
155.96166666666667
156.68333333333334
157.405
158.12666666666667
158.84833333333333
159.57
160.29166666666669
161.01333333333335
161.735
162.45666666666668
163.17833333333334
164.77
165.51916666666668
166.26833333333335
167.0175
167.76666666666668
168.51583333333335
169.265
170.01416666666665
170.76333333333332
171.5125
172.26166666666666
173.01083333333332
174.51
175.23916666666665
175.96833333333333
176.6975
177.42666666666665
178.15583333333333
178.885
179.61416666666665
180.34333333333333
181.0725
181.80166666666665
182.53083333333333
184.01
184.75083333333333
185.49166666666667
186.2325
186.97333333333333
187.71416666666667
188.45499999999998
189.19583333333333
189.93666666666667
190.6775
191.41833333333335
192.15916666666666
193.69
194.3875
195.085
195.7825
196.48
197.1775
197.875
198.5725
199.27
199.9675
200.665
201.3625
202.89
203.6158333333333
204.34166666666664
205.0675
205.79333333333332
206.51916666666665
207.245
207.97083333333333
208.69666666666666
209.42249999999999
210.1483333333333
210.87416666666667
212.36
213.07583333333335
213.79166666666669
214.5075
215.22333333333333
215.93916666666667
216.655
217.37083333333334
218.08666666666667
218.8025
219.51833333333332
220.23416666666665
221.78
222.5025
223.225
223.9475
224.67
225.39249999999998
226.115
226.8375
227.56
228.2825
229.005
229.7275
231.06
231.78583333333333
232.51166666666666
233.2375
233.96333333333334
234.68916666666667
235.41500000000002
236.14083333333335
236.86666666666667
237.5925
238.31833333333333
239.04416666666668
240.56
241.28833333333333
242.01666666666668
242.745
243.47333333333333
244.20166666666668
244.93
245.65833333333333
246.38666666666668
247.115
247.84333333333333
248.5716666666667
250.05
250.77583333333334
251.50166666666667
252.22750000000002
252.95333333333335
253.67916666666667
254.405
255.13083333333333
255.85666666666665
256.5825
257.30833333333334
258.03416666666664
259.59
260.29999999999995
261.01
261.71999999999997
262.43
263.14
263.85
264.56
265.27
265.98
266.69
267.40000000000003
268.9
269.6433333333333
270.38666666666666
271.13
271.87333333333333
273.36
274.1033333333333
274.84666666666664
275.59
276.3333333333333
277.07666666666665
278.58
279.30583333333334
280.03166666666664
280.7575
281.48333333333335
282.20916666666665
282.935
283.66083333333336
284.38666666666666
285.1125
285.83833333333337
286.56416666666667
288.11
288.8566666666667
289.60333333333335
290.35
291.0966666666667
291.84333333333336
292.59000000000003
293.33666666666664
294.0833333333333
294.83
295.57666666666665
296.3233333333333
297.86
298.6
299.34000000000003
300.08000000000004
300.82
301.56
302.3
303.04
303.78000000000003
304.52
305.26
306.0
307.5
308.22583333333336
308.95166666666665
309.6775
310.4033333333333
311.12916666666666
311.855
312.5808333333333
313.3066666666667
314.03249999999997
314.7583333333333
315.4841666666666
317.03
317.75333333333333
318.47666666666663
319.2
319.9233333333333
320.64666666666665
321.37
322.0933333333333
322.81666666666666
323.53999999999996
324.2633333333333
324.9866666666666
326.5
327.22583333333336
327.95166666666665
328.6775
329.4033333333333
330.12916666666666
330.855
331.5808333333333
332.3066666666667
333.03249999999997
333.7583333333333
334.4841666666666
336.02
336.7475
337.47499999999997
338.2025
338.93
339.65749999999997
340.385
341.1125
341.84
342.5675
343.295
344.0225
345.58
346.26166666666666
346.9433333333333
347.625
348.3066666666667
348.98833333333334
349.66999999999996
350.35166666666663
351.0333333333333
351.715
352.39666666666665
353.0783333333333
354.56
355.2866666666667
356.0133333333333
356.74
357.46666666666664
358.1933333333333
358.91999999999996
359.64666666666665
0.37333333333333485
1.099999999999966
1.8266666666666538
2.553333333333285
4.08
4.8308333333333335
5.581666666666667
6.3325
7.083333333333334
7.8341666666666665
8.585
9.335833333333333
10.086666666666666
10.8375
11.588333333333335
12.339166666666667
13.92
14.601666666666667
15.283333333333333
15.965
16.64666666666667
17.328333333333333
18.01
18.691666666666666
19.373333333333335
20.055
20.736666666666668
21.418333333333333
22.86
23.59
24.32
25.05
25.78
26.509999999999998
27.240000000000002
27.97
28.7
29.43
30.16
30.89
32.42
33.14666666666667
33.873333333333335
34.6
35.32666666666667
36.053333333333335
37.50666666666667
38.233333333333334
38.96
39.68666666666667
40.413333333333334
41.94
42.666666666666664
43.39333333333333
44.12
44.846666666666664
45.57333333333333
46.3
47.026666666666664
47.75333333333333
48.48
49.20666666666666
49.93333333333333
51.31
52.0375
52.765
53.4925
54.22
54.9475
55.675
56.4025
57.13
57.8575
58.585
59.3125
60.87
61.59083333333333
62.31166666666667
63.0325
63.75333333333333
64.47416666666666
65.195
65.91583333333332
66.63666666666666
67.3575
68.07833333333333
68.79916666666666
70.28
71.00416666666666
71.72833333333334
72.4525
73.17666666666666
73.90083333333334
74.625
75.34916666666666
76.07333333333334
76.7975
77.52166666666666
78.24583333333334
79.83
80.57249999999999
81.315
82.0575
82.8
83.54249999999999
84.285
85.0275
85.77
86.51249999999999
87.255
87.9975
89.57
90.32083333333333
91.07166666666666
91.82249999999999
92.57333333333332
93.32416666666666
94.07499999999999
94.82583333333334
95.57666666666667
96.3275
97.07833333333333
97.82916666666667
99.37
100.10083333333334
100.83166666666668
101.5625
102.29333333333334
103.02416666666667
103.755
104.48583333333333
105.21666666666667
105.9475
106.67833333333334
107.40916666666666
108.93
109.67500000000001
110.42
111.165
111.91000000000001
112.655
113.4
114.14500000000001
114.89
115.635
116.38000000000001
117.125
118.67
119.40583333333333
120.14166666666667
120.8775
121.61333333333333
122.34916666666666
123.08500000000001
123.82083333333334
124.55666666666667
125.2925
126.02833333333334
126.76416666666667
128.29
129.01749999999998
129.745
130.4725
131.2
131.9275
132.655
133.3825
134.11
134.8375
135.565
136.29250000000002
137.81
138.56166666666667
139.31333333333333
140.065
140.81666666666666
141.56833333333333
142.32
143.0716666666667
143.82333333333335
144.57500000000002
145.32666666666668
146.07833333333335
148.41666666666666
149.17333333333335
149.93
150.68666666666667
151.44333333333333
152.2
152.95666666666668
153.71333333333334
154.47
155.2266666666667
155.98333333333335
157.54
158.26999999999998
159.0
159.73
160.46
161.19
161.92000000000002
162.65
163.38
164.11
164.84
165.57000000000002
167.06
167.78416666666666
168.50833333333333
169.23250000000002
169.95666666666668
170.68083333333334
171.405
172.12916666666666
172.85333333333332
173.5775
174.30166666666668
175.02583333333334
176.54
177.26999999999998
178.0
178.73
179.46
180.19
180.92000000000002
181.65
182.38
183.11
183.84
184.57000000000002
186.17
186.90249999999997
187.635
188.3675
189.1
189.83249999999998
190.565
191.2975
192.03
192.7625
193.495
194.22750000000002
195.72
196.4325
197.145
197.85750000000002
198.57
199.2825
199.995
200.7075
201.42000000000002
202.1325
202.845
203.5575
205.06
205.78416666666666
206.50833333333333
207.23250000000002
207.95666666666668
208.68083333333334
209.405
210.12916666666666
210.85333333333332
211.5775
212.30166666666668
213.02583333333334
214.58
215.29250000000002
216.005
216.7175
217.43
218.1425
218.85500000000002
219.5675
220.28
220.9925
221.70499999999998
222.4175
223.92
224.64416666666665
225.36833333333334
226.0925
226.81666666666666
227.54083333333332
228.265
228.98916666666668
229.71333333333334
230.4375
231.1616666666667
231.88583333333335
233.4
234.1275
234.85500000000002
235.5825
236.31
237.0375
237.765
238.4925
239.22
239.9475
240.675
241.4025
242.92
243.61749999999998
244.315
245.0125
245.70999999999998
246.4075
247.105
247.80249999999998
248.5
249.1975
249.89499999999998
250.5925
252.08
252.81
253.54000000000002
254.27
255.0
255.73
256.46
257.19
257.91999999999996
258.65
259.38
260.10999999999996
261.63
262.3541666666667
263.0783333333333
263.8025
264.52666666666664
265.25083333333333
265.975
266.69916666666666
267.42333333333335
268.1475
268.87166666666667
269.5958333333333
271.15
271.8833333333333
272.6166666666667
273.34999999999997
274.0833333333333
274.81666666666666
275.54999999999995
276.2833333333333
277.01666666666665
277.75
278.48333333333335
279.21666666666664
280.75
281.48
282.21
282.94
283.67
284.4
285.13
285.86
286.59
287.32
288.05
288.78
290.27
291.03249999999997
291.79499999999996
292.5575
293.32
294.0825
294.845
295.6075
296.37
297.1325
297.895
298.6575
300.25
300.95916666666665
301.66833333333335
302.3775
303.08666666666664
303.79583333333335
304.505
305.21416666666664
305.92333333333335
306.6325
307.34166666666664
308.05083333333334
309.56
310.29
311.02
311.75
312.48
313.21
313.94
314.67
315.4
316.13
316.86
317.59
319.08
319.8066666666667
320.5333333333333
321.26
321.9866666666667
322.7133333333333
323.44
324.1666666666667
324.8933333333333
325.62
326.3466666666667
327.0733333333333
328.63
329.41166666666663
330.1933333333333
330.975
331.75666666666666
332.5383333333333
333.32
334.1016666666667
334.8833333333333
335.66499999999996
336.44666666666666
337.22833333333335
338.81
339.5416666666667
340.2733333333333
341.005
341.7366666666667
342.4683333333333
343.2
343.9316666666667
344.6633333333333
345.395
346.12666666666667
346.8583333333333
348.35
348.9975
349.64500000000004
350.2925
350.94
351.58750000000003
352.235
352.8825
353.53000000000003
354.1775
354.825
355.4725
356.95
357.6766666666667
358.4033333333333
359.13
359.8566666666667
0.5833333333333144
1.3100000000000023
2.03666666666669
2.763333333333321
3.490000000000009
4.216666666666697
4.943333333333328
6.35
7.081666666666666
7.8133333333333335
8.545
9.276666666666667
10.008333333333333
10.74
11.471666666666668
12.203333333333333
12.935
13.666666666666668
14.398333333333335
15.89
16.606666666666666
17.323333333333334
18.04
18.756666666666668
19.473333333333333
20.189999999999998
20.906666666666666
21.62333333333333
22.34
23.056666666666665
23.773333333333333
25.25
25.979166666666668
26.708333333333332
27.4375
28.166666666666668
28.895833333333332
29.625
30.354166666666664
31.083333333333332
31.8125
32.541666666666664
33.27083333333333
34.8
35.522499999999994
36.245
36.9675
37.69
38.412499999999994
39.135
39.8575
40.58
41.302499999999995
42.025
42.7475
44.23
44.967499999999994
45.705
46.442499999999995
47.18
47.9175
48.655
49.3925
50.129999999999995
50.8675
51.605
52.3425
53.88
54.60583333333334
55.33166666666667
56.057500000000005
56.78333333333334
57.50916666666667
58.235
58.96083333333334
59.68666666666667
60.4125
61.138333333333335
61.86416666666667
63.42
64.11583333333334
64.81166666666667
65.5075
66.20333333333333
66.89916666666667
67.595
68.29083333333332
68.98666666666666
69.6825
70.37833333333333
71.07416666666666
72.6
73.3625
74.125
74.88749999999999
75.64999999999999
76.4125
77.175
77.9375
78.7
79.4625
80.225
80.9875
82.5
83.23
83.96000000000001
84.69
85.42
86.15
86.88
87.61
88.34
89.07000000000001
89.80000000000001
90.53
92.09
92.80916666666667
93.52833333333334
94.2475
94.96666666666667
95.68583333333333
96.405
97.12416666666667
97.84333333333333
98.5625
99.28166666666667
100.00083333333333
101.52
102.2525
102.985
103.7175
104.45
105.1825
105.91499999999999
106.6475
107.38
108.1125
108.845
109.5775
111.17
111.89916666666667
112.62833333333333
113.3575
114.08666666666667
114.81583333333333
115.545
116.27416666666667
117.00333333333333
117.7325
118.46166666666667
119.19083333333333
120.75
121.49333333333334
122.23666666666666
122.97999999999999
123.72333333333333
124.46666666666667
125.21
125.95333333333332
126.69666666666666
127.44
128.18333333333334
128.92666666666665
130.47
131.19916666666666
131.92833333333334
132.6575
133.38666666666666
134.11583333333334
134.845
135.57416666666666
136.30333333333334
137.0325
137.76166666666666
138.49083333333334
140.02
140.77833333333334
141.5366666666667
142.29500000000002
143.05333333333334
143.81166666666667
144.57
145.32833333333335
146.08666666666667
146.845
147.60333333333335
148.36166666666668
149.99
150.69416666666666
151.39833333333334
152.10250000000002
152.80666666666667
153.51083333333332
154.215
154.91916666666668
155.62333333333333
156.3275
157.03166666666667
157.73583333333335
159.28
160.00916666666666
160.73833333333334
161.4675
162.19666666666666
162.92583333333334
163.655
164.38416666666666
165.11333333333334
165.8425
166.57166666666666
167.30083333333334
168.82
169.58166666666665
170.34333333333333
171.105
171.86666666666667
172.62833333333333
173.39
174.15166666666667
174.91333333333333
175.675
176.43666666666667
177.19833333333335
178.76
179.47083333333333
180.18166666666667
180.89249999999998
181.60333333333332
182.31416666666667
183.02499999999998
183.73583333333332
184.44666666666666
185.1575
185.86833333333334
186.57916666666665
188.05
188.78166666666667
189.51333333333335
190.245
190.9766666666667
191.70833333333334
192.44
193.17166666666668
193.90333333333334
194.63500000000002
195.36666666666667
196.09833333333336
197.63
198.3375
199.045
199.7525
200.46
201.1675
201.875
202.5825
203.29
203.9975
204.705
205.4125
206.92
207.64916666666664
208.37833333333333
209.1075
209.83666666666664
210.56583333333333
211.295
212.02416666666664
212.75333333333333
213.4825
214.21166666666664
214.94083333333333
216.24
216.96916666666667
217.69833333333335
218.4275
219.15666666666667
219.88583333333335
220.615
221.34416666666667
222.07333333333335
222.8025
223.53166666666667
224.26083333333335
225.75
226.47583333333333
227.20166666666665
227.9275
228.65333333333334
229.37916666666666
230.10500000000002
230.83083333333335
231.55666666666667
232.2825
233.00833333333333
233.73416666666668
235.25
235.97916666666666
236.70833333333334
237.4375
238.16666666666666
238.89583333333334
239.625
240.35416666666666
241.08333333333334
241.8125
242.54166666666666
243.27083333333334
244.84
245.535
246.23000000000002
246.925
247.62
248.315
249.01
249.705
250.4
251.095
251.79000000000002
252.485
253.98
254.70583333333332
255.43166666666667
256.15749999999997
256.8833333333333
257.6091666666667
258.335
259.06083333333333
259.78666666666663
260.5125
261.23833333333334
261.96416666666664
263.44
264.1725
264.905
265.6375
266.37
267.1025
267.83500000000004
268.5675
269.3
270.0325
270.765
271.4975
273.03
273.73749999999995
274.445
275.1525
275.85999999999996
276.5675
277.275
277.98249999999996
278.69
279.3975
280.10499999999996
280.8125
282.31
283.0725
283.835
284.59749999999997
285.36
286.1225
286.885
287.6475
288.40999999999997
289.1725
289.935
290.6975
292.25
292.9791666666667
293.7083333333333
294.4375
295.1666666666667
295.8958333333333
296.625
297.3541666666667
298.0833333333333
298.8125
299.5416666666667
300.2708333333333
301.83
302.56166666666667
303.2933333333333
304.025
304.75666666666666
305.48833333333334
306.22
306.95166666666665
307.68333333333334
308.415
309.14666666666665
309.87833333333333
311.41
312.1391666666667
312.86833333333334
313.5975
314.3266666666667
315.05583333333334
315.785
316.5141666666667
317.24333333333334
317.9725
318.7016666666667
319.43083333333334
320.96
321.69166666666666
322.4233333333333
323.155
323.88666666666666
324.61833333333334
325.35
326.08166666666665
326.81333333333333
327.545
328.27666666666664
329.0083333333333
330.5
331.215
331.93
332.645
333.36
334.075
334.78999999999996
335.505
336.21999999999997
336.935
337.65
338.365
339.87
340.5966666666667
341.3233333333333
342.05
342.77666666666664
343.50333333333333
344.23
344.95666666666665
345.68333333333334
346.40999999999997
347.13666666666666
347.8633333333333
349.38
350.08416666666665
350.7883333333333
351.4925
352.19666666666666
352.9008333333333
353.605
354.30916666666667
355.0133333333333
355.7175
356.4216666666666
357.12583333333333
358.58
359.2808333333333
359.9816666666667
0.6825000000000045
1.3833333333333258
2.084166666666647
2.784999999999968
3.485833333333346
4.186666666666667
4.887499999999989
5.588333333333367
6.289166666666688
7.82
8.543333333333333
9.266666666666667
9.99
10.713333333333333
11.436666666666667
12.16
12.883333333333333
13.606666666666666
14.33
15.053333333333333
15.776666666666667
17.29
18.003333333333334
18.716666666666665
19.43
20.143333333333334
20.856666666666666
21.57
22.28333333333333
22.996666666666666
23.71
24.423333333333332
25.136666666666667
26.6
27.32916666666667
28.058333333333334
28.7875
29.51666666666667
30.245833333333334
30.975
31.704166666666666
32.43333333333334
33.1625
33.891666666666666
34.62083333333334
36.17
36.8925
37.615
38.337500000000006
39.06
39.7825
40.505
41.227500000000006
41.95
42.6725
43.395
44.11750000000001
45.63
46.355000000000004
47.08
47.805
48.53
49.255
49.980000000000004
50.705
51.43
52.155
52.879999999999995
53.605
55.13
55.85583333333334
56.58166666666667
57.307500000000005
58.03333333333334
58.75916666666667
59.485
60.21083333333334
60.93666666666667
61.6625
62.388333333333335
63.11416666666667
64.63
65.35499999999999
66.08
66.80499999999999
67.53
68.255
68.97999999999999
69.705
70.42999999999999
71.155
71.88
72.605
74.16
74.87
75.58
76.28999999999999
77.0
77.71000000000001
78.42
79.13
79.84
80.55000000000001
81.26
81.97
83.47
84.19916666666667
84.92833333333333
85.6575
86.38666666666667
87.11583333333333
87.845
88.57416666666667
89.30333333333333
90.0325
90.76166666666667
91.49083333333333
92.97
93.71916666666667
94.46833333333333
95.2175
95.96666666666667
96.71583333333334
97.465
98.21416666666666
98.96333333333332
99.71249999999999
100.46166666666666
101.21083333333333
102.79
103.53916666666667
104.28833333333334
105.03750000000001
105.78666666666668
106.53583333333334
107.285
108.03416666666666
108.78333333333333
109.5325
110.28166666666667
111.03083333333333
112.57
113.29916666666666
114.02833333333332
114.7575
115.48666666666666
116.21583333333332
116.945
117.67416666666666
118.40333333333332
119.1325
119.86166666666666
120.59083333333332
122.07
122.79499999999999
123.52
124.245
124.97
125.695
126.42
127.14500000000001
127.87
128.595
129.32
130.04500000000002
131.6
132.32333333333332
133.04666666666665
133.76999999999998
134.49333333333334
135.21666666666667
135.94
136.66333333333333
137.38666666666666
138.83333333333334
139.55666666666667
141.2
141.92583333333332
142.65166666666664
143.3775
144.10333333333332
144.82916666666665
145.555
146.28083333333333
147.00666666666666
147.7325
148.45833333333331
149.18416666666667
150.71
151.46166666666667
152.21333333333334
152.965
153.71666666666667
154.46833333333333
155.22
155.97166666666666
156.72333333333333
157.475
158.22666666666666
158.97833333333332
160.49
161.21833333333333
161.94666666666666
162.675
163.40333333333334
164.13166666666666
164.86
165.58833333333334
166.31666666666666
167.045
167.7733333333333
168.50166666666667
170.03
170.76666666666668
171.50333333333333
172.24
172.97666666666666
173.71333333333334
174.45
175.18666666666667
175.92333333333335
176.66
177.39666666666668
178.13333333333333
179.63
180.33333333333331
181.03666666666666
181.74
182.44333333333333
183.14666666666665
183.85
184.55333333333334
185.25666666666666
185.95999999999998
186.66333333333333
187.36666666666667
188.87
189.59583333333333
190.32166666666666
191.0475
191.77333333333334
192.49916666666667
193.22500000000002
193.95083333333335
194.67666666666668
195.4025
196.12833333333333
196.85416666666669
198.37
199.095
199.82
200.54500000000002
201.27
201.995
202.72
203.445
204.17
204.89499999999998
205.62
206.345
207.86
208.56083333333333
209.26166666666668
209.9625
210.66333333333336
211.36416666666668
212.065
212.76583333333335
213.46666666666667
214.16750000000002
214.86833333333334
215.5691666666667
217.07
217.7925
218.515
219.2375
219.96
220.6825
221.405
222.1275
222.85
223.5725
224.29500000000002
225.0175
226.57
227.265
227.95999999999998
228.655
229.35
230.045
230.74
231.435
232.13
232.825
233.51999999999998
234.215
235.74
236.46916666666667
237.19833333333335
237.9275
238.65666666666667
239.38583333333335
240.115
240.84416666666667
241.57333333333335
242.3025
243.03166666666667
243.76083333333335
245.24
245.95333333333335
246.66666666666669
247.38
248.09333333333333
248.80666666666667
249.52
250.23333333333335
250.9466666666667
251.66000000000003
252.37333333333333
253.08666666666667
254.63
255.35166666666666
256.0733333333333
256.795
257.51666666666665
258.23833333333334
258.96000000000004
259.6816666666667
260.40333333333336
261.125
261.8466666666667
262.5683333333333
264.08
264.80916666666667
265.5383333333333
266.2675
266.99666666666667
267.7258333333333
268.455
269.18416666666667
269.9133333333333
270.6425
271.37166666666667
272.1008333333333
273.59
274.3175
275.04499999999996
275.7725
276.5
277.22749999999996
277.955
278.6825
279.40999999999997
280.1375
280.865
281.5925
283.11
283.87166666666667
284.6333333333333
285.395
286.1566666666667
286.91833333333335
287.68
288.44166666666666
289.2033333333333
289.96500000000003
290.7266666666667
291.48833333333334
293.04
293.7658333333334
294.4916666666667
295.21750000000003
295.9433333333333
296.6691666666667
297.395
298.12083333333334
298.8466666666667
299.5725
300.29833333333335
301.02416666666664
302.54
303.28000000000003
304.02000000000004
304.76
305.5
306.24
306.98
307.72
308.46000000000004
309.20000000000005
309.94
310.68
312.21
312.93333333333334
313.65666666666664
314.38
315.1033333333333
315.82666666666665
316.54999999999995
317.2733333333333
317.99666666666667
318.71999999999997
319.4433333333333
320.16666666666663
321.68
322.40583333333336
323.13166666666666
323.8575
324.5833333333333
325.30916666666667
326.03499999999997
326.7608333333333
327.4866666666667
328.2125
328.93833333333333
329.66416666666663
331.19
331.9191666666667
332.6483333333333
333.3775
334.1066666666667
334.8358333333333
335.565
336.2941666666667
337.0233333333333
337.7525
338.4816666666667
339.2108333333333
340.7
341.425
342.15
342.875
343.59999999999997
344.325
345.04999999999995
345.775
346.5
347.22499999999997
347.95
348.67499999999995
350.22
350.87666666666667
351.53333333333336
352.19000000000005
352.8466666666667
353.50333333333333
354.16
354.8166666666667
355.47333333333336
356.13
356.7866666666667
357.4433333333334
358.9
359.62833333333333
0.3566666666666265
1.0849999999999795
1.8133333333333326
2.5416666666666288
3.269999999999982
3.998333333333335
4.726666666666631
5.454999999999984
6.183333333333337
6.911666666666633
8.43
9.155
9.879999999999999
10.605
11.33
12.055
12.78
13.504999999999999
14.23
14.954999999999998
15.68
16.405
17.96
18.6675
19.375
20.0825
20.79
21.497500000000002
22.205
22.9125
23.62
24.3275
25.035
25.7425
27.24
27.971666666666664
28.703333333333333
29.435
30.166666666666668
30.898333333333333
31.630000000000003
32.361666666666665
33.093333333333334
33.825
34.55666666666667
35.288333333333334
36.78
37.501666666666665
38.223333333333336
38.945
39.666666666666664
40.388333333333335
41.11
41.83166666666666
42.553333333333335
43.275
43.99666666666666
44.718333333333334
46.27
46.98083333333334
47.69166666666667
48.4025
49.11333333333334
49.82416666666667
50.535
51.24583333333334
51.95666666666666
52.6675
53.37833333333333
54.089166666666664
55.62
56.34583333333333
57.071666666666665
57.7975
58.52333333333333
59.24916666666667
59.974999999999994
60.700833333333335
61.42666666666666
62.152499999999996
62.87833333333333
63.604166666666664
65.12
65.83
66.54
67.25
67.96000000000001
68.67
69.38
70.09
70.8
71.51
72.22
72.93
74.47
75.2075
75.945
76.6825
77.42
78.1575
78.895
79.6325
80.36999999999999
81.10749999999999
81.845
82.5825
84.11
84.83583333333333
85.56166666666667
86.2875
87.01333333333334
87.73916666666666
88.465
89.19083333333333
89.91666666666666
90.6425
91.36833333333333
92.09416666666667
93.57
94.32583333333332
95.08166666666666
95.83749999999999
96.59333333333333
97.34916666666666
98.10499999999999
98.86083333333333
99.61666666666666
100.3725
101.12833333333333
101.88416666666666
103.39
104.11916666666667
104.84833333333333
105.5775
106.30666666666667
107.03583333333333
107.765
108.49416666666667
109.22333333333333
109.9525
110.68166666666667
111.41083333333333
112.96
113.68249999999999
114.405
115.1275
115.85
116.57249999999999
117.29499999999999
118.0175
118.74
119.46249999999999
120.185
120.9075
122.42
123.16916666666667
123.91833333333334
124.6675
125.41666666666667
126.16583333333334
126.91499999999999
127.66416666666666
128.41333333333333
129.1625
129.91166666666666
130.66083333333333
132.21
132.94750000000002
133.685
134.4225
135.16
135.8975
136.635
137.3725
138.11
138.8475
139.585
140.3225
141.88
142.6025
143.325
144.0475
144.77
145.4925
146.215
146.9375
147.66
148.3825
149.10500000000002
149.82750000000001
151.34
152.09583333333333
152.85166666666666
153.60750000000002
154.36333333333334
155.11916666666667
155.875
156.63083333333333
157.38666666666666
158.14249999999998
158.89833333333334
159.65416666666667
161.13
161.85833333333332
162.58666666666667
163.315
164.04333333333332
164.77166666666668
165.5
166.22833333333332
166.95666666666668
167.685
168.41333333333333
169.14166666666668
170.66
171.37333333333333
172.08666666666667
172.8
173.51333333333332
174.22666666666666
174.94
175.65333333333334
176.36666666666667
177.07999999999998
177.79333333333332
178.50666666666666
180.01
180.7475
181.48499999999999
182.2225
182.96
183.6975
184.435
185.1725
185.91
186.6475
187.38500000000002
188.1225
189.65
190.37833333333333
191.10666666666668
191.835
192.56333333333333
193.29166666666666
194.01999999999998
194.74833333333333
195.47666666666666
196.20499999999998
196.93333333333334
197.66166666666666
199.15
199.86
200.57
201.28
201.99
202.7
203.41
204.12
204.82999999999998
205.54
206.25
206.95999999999998
208.46
209.17666666666668
209.89333333333335
210.61
211.32666666666668
212.04333333333335
212.76
213.47666666666666
214.19333333333333
214.91
215.62666666666667
216.34333333333333
217.85
218.57583333333332
219.30166666666668
220.0275
220.75333333333333
221.47916666666666
222.20499999999998
222.93083333333334
223.65666666666667
224.3825
225.10833333333335
225.83416666666668
227.35
228.04583333333332
228.74166666666667
229.4375
230.13333333333333
230.82916666666665
231.52499999999998
232.22083333333333
232.91666666666666
233.61249999999998
234.30833333333334
235.00416666666666
236.52
237.245
237.97
238.695
239.42000000000002
240.145
240.87
241.595
242.32
243.04500000000002
243.77
244.495
245.88
246.605
247.32999999999998
248.055
248.78
249.505
250.23000000000002
250.955
251.68
252.405
253.13
253.85500000000002
255.37
256.09583333333336
256.82166666666666
257.5475
258.2733333333333
258.99916666666667
259.725
260.4508333333333
261.1766666666667
261.9025
262.62833333333333
263.35416666666663
264.9
265.6225
266.34499999999997
267.0675
267.78999999999996
268.5125
269.235
269.9575
270.68
271.4025
272.125
272.84749999999997
274.36
275.0916666666667
275.8233333333333
276.555
277.2866666666667
278.0183333333333
278.75
279.4816666666667
280.2133333333333
280.945
281.6766666666667
282.4083333333333
283.9
284.64916666666664
285.3983333333333
286.1475
286.89666666666665
287.6458333333333
288.395
289.14416666666665
289.8933333333333
290.6425
291.39166666666665
292.1408333333333
293.72
294.4416666666667
295.16333333333336
295.885
296.6066666666667
297.3283333333334
298.05
298.77166666666665
299.49333333333334
300.21500000000003
300.93666666666667
301.6583333333333
303.18
303.8933333333333
304.6066666666667
305.32
306.03333333333336
306.74666666666667
307.46000000000004
308.17333333333335
308.88666666666666
309.6
310.31333333333333
311.0266666666667
312.53
313.2583333333333
313.9866666666666
314.715
315.4433333333333
316.1716666666666
316.9
317.62833333333333
318.3566666666666
319.085
319.81333333333333
320.54166666666663
322.06
322.7825
323.505
324.2275
324.95
325.6725
326.395
327.1175
327.84000000000003
328.5625
329.285
330.0075
331.52
332.245
332.96999999999997
333.695
334.42
335.145
335.87
336.595
337.32
338.045
338.77000000000004
339.495
341.01
341.735
342.46
343.185
343.90999999999997
344.635
345.36
346.085
346.81
347.53499999999997
348.26
348.98499999999996
350.5
351.19
351.88
352.57
353.26
353.95
354.64
355.33
356.02
356.71
357.4
358.09
359.61
0.32083333333332575
1.0316666666666947
1.7425000000000068
2.453333333333319
3.164166666666688
3.875
4.585833333333312
5.296666666666681
6.007499999999993
6.718333333333305
7.429166666666674
8.93
9.654166666666667
10.378333333333334
11.1025
11.826666666666666
12.550833333333333
13.275
13.999166666666667
14.723333333333333
15.447500000000002
16.171666666666667
16.895833333333336
18.41
19.133333333333333
19.856666666666666
20.58
21.303333333333335
22.026666666666667
22.75
23.473333333333333
24.196666666666665
24.92
25.64333333333333
26.366666666666667
27.92
28.61916666666667
29.318333333333335
30.017500000000002
30.71666666666667
31.415833333333335
32.115
32.814166666666665
33.513333333333335
34.212500000000006
34.91166666666667
35.61083333333333
37.1
37.82416666666667
38.54833333333333
39.2725
39.99666666666667
40.72083333333333
41.445
42.16916666666667
42.89333333333333
43.6175
44.34166666666667
45.06583333333333
46.58
47.32083333333333
48.06166666666667
48.802499999999995
49.54333333333333
50.284166666666664
51.025
51.76583333333333
52.50666666666667
53.2475
53.98833333333333
54.729166666666664
56.26
56.98166666666666
57.70333333333333
58.425
59.14666666666667
59.86833333333333
60.59
61.31166666666667
62.03333333333333
62.755
63.47666666666667
64.19833333333334
65.75
66.44916666666667
67.14833333333334
67.8475
68.54666666666667
69.24583333333334
69.945
70.64416666666666
71.34333333333333
72.0425
72.74166666666667
73.44083333333333
74.89
75.62833333333333
76.36666666666667
77.105
77.84333333333333
78.58166666666666
79.32
80.05833333333334
80.79666666666667
81.535
82.27333333333334
83.01166666666667
84.58
85.30416666666666
86.02833333333334
86.7525
87.47666666666666
88.20083333333334
88.925
89.64916666666666
90.37333333333333
91.0975
91.82166666666666
92.54583333333333
94.02
94.77666666666666
95.53333333333333
96.28999999999999
97.04666666666667
97.80333333333333
98.56
99.31666666666666
100.07333333333332
100.83
101.58666666666666
102.34333333333333
103.89
104.61916666666667
105.34833333333333
106.0775
106.80666666666667
107.53583333333333
108.265
108.99416666666667
109.72333333333333
110.4525
111.18166666666667
111.91083333333333
113.43
114.15083333333334
114.87166666666667
115.5925
116.31333333333333
117.03416666666666
117.755
118.47583333333334
119.19666666666667
119.9175
120.63833333333334
121.35916666666667
122.91
123.66
124.41
125.16
125.91
126.66
127.41
128.16
128.91
129.66
130.41
131.16
132.7
133.44166666666666
134.18333333333334
134.92499999999998
135.66666666666666
136.40833333333333
137.14999999999998
137.89166666666665
138.63333333333333
139.375
140.11666666666667
140.85833333333332
142.35
143.07166666666666
143.79333333333332
144.515
145.23666666666665
145.95833333333331
146.68
147.40166666666667
148.12333333333333
148.845
149.56666666666666
150.28833333333333
151.8
152.5525
153.305
154.0575
154.81
155.5625
156.315
157.06750000000002
157.82000000000002
158.57250000000002
159.32500000000002
160.07750000000001
161.59
162.32
163.05
163.78
164.51
165.24
165.97
166.7
167.43
168.16
168.89
169.62
170.98
171.70499999999998
172.43
173.155
173.88
174.605
175.32999999999998
176.055
176.78
177.505
178.23000000000002
178.955
180.47
181.19916666666666
181.92833333333334
182.6575
183.38666666666666
184.11583333333334
184.845
185.57416666666666
186.30333333333334
187.0325
187.76166666666666
188.49083333333334
190.01
190.73416666666665
191.45833333333331
192.1825
192.90666666666667
193.63083333333333
194.355
195.07916666666665
195.8033333333333
196.52749999999997
197.25166666666667
197.97583333333333
199.45
200.16416666666666
200.87833333333333
201.5925
202.30666666666667
203.02083333333334
203.735
204.44916666666666
205.16333333333333
205.8775
206.59166666666667
207.30583333333334
208.82
209.54916666666665
210.27833333333334
211.0075
211.73666666666665
212.46583333333334
213.195
213.92416666666665
214.65333333333334
215.3825
216.11166666666665
216.84083333333334
218.32
219.04749999999999
219.775
220.5025
221.23
221.9575
222.685
223.4125
224.14000000000001
224.8675
225.595
226.32250000000002
227.8
228.49333333333334
229.18666666666667
229.88
230.57333333333335
231.26666666666668
231.96
232.65333333333334
233.34666666666666
234.04000000000002
234.73333333333335
235.42666666666668
236.91
237.63166666666666
238.35333333333332
239.075
239.79666666666665
240.51833333333332
241.24
241.96166666666667
242.68333333333334
243.405
244.12666666666667
244.84833333333333
246.06
246.78416666666666
247.50833333333333
248.23250000000002
248.95666666666668
249.68083333333334
250.405
251.12916666666666
251.85333333333332
252.5775
253.30166666666668
254.02583333333334
255.54
256.28416666666664
257.0283333333333
257.7725
258.51666666666665
259.2608333333333
260.005
260.74916666666667
261.49333333333334
262.2375
262.9816666666667
263.72583333333336
265.22
265.94500000000005
266.67
267.39500000000004
268.12
268.845
269.57000000000005
270.295
271.02000000000004
271.745
272.47
273.195
274.71
275.4241666666666
276.1383333333333
276.85249999999996
277.56666666666666
278.2808333333333
278.995
279.70916666666665
280.4233333333333
281.1375
281.85166666666663
282.56583333333333
284.07
284.85
285.63
286.40999999999997
287.19
287.97
288.75
289.53
290.31
291.09000000000003
291.87
292.65
294.18
294.9041666666667
295.62833333333333
296.3525
297.07666666666665
297.80083333333334
298.525
299.24916666666667
299.97333333333336
300.6975
301.4216666666667
302.1458333333333
303.7
304.42333333333335
305.14666666666665
305.87
306.5933333333333
307.31666666666666
308.03999999999996
308.7633333333333
309.4866666666667
310.21
310.93333333333334
311.65666666666664
313.17
313.89750000000004
314.625
315.3525
316.08
316.8075
317.53499999999997
318.2625
318.99
319.7175
320.445
321.17249999999996
322.65
323.3775
324.10499999999996
324.8325
325.56
326.28749999999997
327.015
327.7425
328.46999999999997
329.1975
329.925
330.6525
332.17
332.89500000000004
333.62
334.345
335.07
335.795
336.52
337.245
337.97
338.695
339.42
340.145
341.66
342.38500000000005
343.11
343.83500000000004
344.56
345.285
346.01
346.735
347.46000000000004
348.185
348.91
349.635
350.81
351.51666666666665
352.22333333333336
352.93
353.63666666666666
354.34333333333336
355.05
355.75666666666666
356.46333333333337
357.17
357.87666666666667
358.58333333333337
0.08
0.7908333333333333
1.5016666666666667
2.2125
2.9233333333333333
3.6341666666666668
4.345
5.055833333333333
5.766666666666667
6.4775
7.1883333333333335
7.899166666666667
9.4
10.125
10.850000000000001
11.575000000000001
12.3
13.025
13.75
14.475000000000001
15.200000000000001
15.925
16.650000000000002
17.375
18.89
19.606666666666666
20.323333333333334
21.04
21.756666666666668
22.473333333333333
23.189999999999998
23.906666666666666
24.62333333333333
25.34
26.056666666666665
26.773333333333333
